gene	PearsonCorrelation	Pearson_pvalue	SpearmanCorrelation	Spearman_pvalue	P_adjustedPvalue	S_adjustedPvalue
RAD52	0.1397827085756	0.00410134794900108	0.215089933547961	8.70571061165683e-06	0.0630921366395944	0.000241530013355686
M6PR	0.15425246355549	0.00152013877988066	0.171798846608788	0.000405213057411255	0.0292451029988234	0.00726535066882266
ASB4	0.128722249899423	0.00826238539137347	0.21644287259305	7.61601478907015e-06	0.103864358171049	0.000212790914972359
SPATA20	0.319744201772198	1.94311233769895e-11	0.369307244210163	5.94918646756251e-15	2.19488417916937e-09	5.8800271748771e-13
ELAC2	0.151007226596404	0.00191363798456567	0.18144936033813	0.000189414383580523	0.0350534295777892	0.00382066206880407
CEACAM21	0.166235577331942	0.000625081853015574	0.301241520687836	2.93450708903328e-10	0.0139619271519609	1.78485750407586e-08
NOS2	0.157534975058824	0.00119893860179099	0.149080324583263	0.00218934360820867	0.0241221565505378	0.029795421532024
ST7L	0.402727173874459	0	0.43202902979676	1.58225992492094e-20	0	2.40594792814421e-18
IL32	0.0970093312745635	0.0469375888739343	0.140827328953112	0.00385620732525064	0.318099899670846	0.0464311923909269
LRRC23	0.137689310652611	0.00470072954003165	0.221652374122626	4.77573055923938e-06	0.0693445307332653	0.000143580614189756
LARS2	0.182075798539014	0.000175619181901787	0.171114498549937	0.00042771447908859	0.00501307173753585	0.00753481269747068
ZBTB32	0.0899531576102445	0.0655143249195449	0.234564349880667	1.16916977030641e-06	0.383435800991	4.22129012502867e-05
ALOX5	0.204995943384928	2.29886492042475e-05	0.182506929275475	0.00016939472074135	0.000873900236817235	0.00345207231160272
MAN2B2	0.191905909221155	7.55711597779651e-05	0.173262313423782	0.000360741636417814	0.00248039199938313	0.0065874921920454
DDX11	0.306940964722581	1.2974266105914e-10	0.481380927815431	0	1.2212800249936e-08	0
SLC7A9	0.191798769423436	7.6286579103968e-05	0.229019592480041	2.10891320357271e-06	0.00249255364039287	6.85401865242313e-05
CPS1	0.0189283586224854	0.698908365861389	0.154654348833983	0.00147695861391451	0.926512764546014	0.0215070198162468
NLRP2	0.172041167594127	0.000397513266161553	0.152842079911961	0.00168100676301802	0.00964152575318835	0.0239018655894953
SNAPC1	0.10539751705596	0.0308046410077429	0.174429254202993	0.000328586229317069	0.246032622674973	0.00612766819625015
TFB1M	0.126962773748022	0.00919394996332601	0.145614239539969	0.00277820771658868	0.112202118882495	0.0361304085774123
BAK1	0.223541638581932	3.72329907216695e-06	0.206428546207468	2.00862757026721e-05	0.000171163521881535	0.000507419111760474
CENPQ	0.191901471458838	7.56006667321785e-05	0.235551021999804	1.05104679505038e-06	0.00248039199938313	3.86540791091317e-05
MYOM2	-0.0145492744989521	0.766238624126928	0.321747245952657	1.43184836418184e-11	0.942431890369826	9.93125001367177e-10
MRI1	0.285776258734292	2.46071274467852e-09	0.37067476087085	4.49539360865107e-15	1.9456855672173e-07	4.49937686881064e-13
AGA	0.310654402091273	7.55067119939667e-11	0.335098865995813	1.76453677356345e-12	7.46289464670369e-09	1.38140517510557e-10
TG	0.0885851362095296	0.0697375751967058	0.285363133857495	2.60000999200633e-09	0.398540196756403	1.45803397211305e-07
TRIT1	0.148961563405108	0.00220746876158451	0.14652692469408	0.00261056849312262	0.0387876788841082	0.0344029417918676
UTS2	0.599296255653268	0	0.166675982256666	0.000604289818020999	0	0.0100380663678404
LTBP1	0.11753344592066	0.015956966838462	0.144172292516307	0.00306310729998691	0.162592444319226	0.0387519830735944
ARHGEF5	0.181434350857038	0.000185277854820143	0.151908207154493	0.00179595684699356	0.005213494655028	0.0251977437407591
RRP12	0.20715234345567	1.87555888739865e-05	0.227382876702427	2.50302085099651e-06	0.000723416786471276	7.91655434753176e-05
LY75	0.119093843912029	0.0146012619085745	0.180254370140246	0.000204357660225083	0.154638736688981	0.00407016629571722
MSH4	0.155343017743512	0.00140557500264427	0.160162085312936	0.000988246627920775	0.0273068342651307	0.0153288402796274
GDI2	0.163840394730881	0.000750249572455619	0.144937976586623	0.00290867728816833	0.016069243105513	0.037294455174392
UHRF1BP1	0.186798860361264	0.000117744397705177	0.174386152172874	0.00033622076818805	0.00362258736441571	0.00621090422214089
WDR18	0.151215973550516	0.00188576126684481	0.152968797199207	0.00168374087939154	0.0347569098763215	0.0239018655894953
ZMYND12	0.176020311045719	0.000289035597666354	0.1489477210818	0.00220959024893481	0.00751777786430217	0.0299164898943965
SLC9A3	0.0322378002917011	0.509972458978327	0.210124533278195	1.41187067332073e-05	0.8562779396294	0.000375880855688452
RRP15	0.186975876811856	0.000115970982804026	0.197235845608322	4.69856718449917e-05	0.00358196312902903	0.00107998752115799
CLTCL1	0.211254082082817	1.26607629034048e-05	0.233038912487069	1.37718394387541e-06	0.000513377703985752	4.77604975623812e-05
CPSF1	0.155860636493939	0.00135402334810886	0.144650641848472	0.00298994376402158	0.0265006500334078	0.037951707155074
P4HA2	0.0249010398194045	0.610838106316411	0.160855676112287	0.000938628515088478	0.898919952846429	0.0146674617960565
SEC31B	0.21067472259395	1.33896889620289e-05	0.209257278491783	1.53449374570213e-05	0.000534708437488698	0.000404441401575559
APBB1IP	0.0887785466730018	0.0691273112339226	0.148716768916843	0.0022452619700067	0.396366678699511	0.0303474981142615
FKBP7	0.0900104321877728	0.0653421975283626	0.14354499824481	0.0031951373491436	0.382995371280032	0.0400379572419626
SCGN	-0.0228011761737503	0.641249140100909	-0.163254908936198	0.000784187952809275	0.907746002853868	0.0125264124098241
DDX1	0.219142257674477	5.81765874363427e-06	0.209769388126133	1.46091504611631e-05	0.000251367364403913	0.000387632727169183
DDX43	0.0137182795762578	0.779234781301469	0.144930423029939	0.00291016552960666	0.943143994876266	0.037294455174392
MAPRE3	0.118736339974067	0.014902598631648	0.159257914864701	0.00105656367726455	0.156695275771863	0.0162534027162079
PPP1R13B	-0.168761865504864	0.000514244141119162	-0.157561955728612	0.00121129593520648	0.0119058095282507	0.0181053250655531
RBBP9	0.0819692848964865	0.0934079911081171	0.140701242346305	0.0038608842502897	0.45874346937384	0.0464311923909269
LYZ	0.0475839558354729	0.330639913426962	0.183476639503974	0.000156142037309058	0.760552347411659	0.0032067924389681
MUL1	0.29887548864497	4.0966585679314e-10	0.283402691895724	3.37230444117661e-09	3.63958194344197e-08	1.85172300113774e-07
SPG21	0.117647815712382	0.0158539814148808	0.218801046672262	6.02027467983007e-06	0.162194276868452	0.000175654287429581
SPAG7	0.179483025184026	0.000217807792747493	0.140684399808558	0.00386517608378054	0.00595919106316411	0.0464311923909269
HAUS4	0.245213256362953	3.6130578262572e-07	0.263210918753184	4.91966897712375e-08	2.07017740813157e-05	2.31546563107842e-06
RPGRIP1	0.184078724299004	0.000148409611650635	0.155741603532477	0.00136572201285377	0.00441155939594576	0.0200348125336452
FMO2	0.112911917687417	0.020639465059606	0.241173924834029	5.67720108008037e-07	0.194050238081218	2.24448144700977e-05
CWF19L1	0.170398350957684	0.000452502326321991	0.222652379791593	4.31814560189822e-06	0.0107123829168502	0.000131321451054651
TPSD1	0.131112962134071	0.00713167454863672	0.31552887487433	3.66740284644442e-11	0.0939835844267843	2.45747070396916e-09
FAM21A	0.346569690451998	2.68896016564213e-13	0.367179453041095	7.49871643616237e-15	3.73010667188286e-11	7.23077449521169e-13
SERPIND1	0.0512553941328729	0.294647172621132	0.283930776754314	3.14475637073136e-09	0.733060293517778	1.73885235128481e-07
GSTT2	0.494799429426721	0	0.626021203553956	0	0	0
SUSD2	0.270605033260492	1.7537046925753e-08	0.313113534009344	6.67351076213967e-11	1.27215990864155e-06	4.36094624762301e-09
CRYBB3	0.173010646485362	0.000368050229031969	0.239634123418346	6.7304380302221e-07	0.00912279987760431	2.58337735461001e-05
CYP2D6	0.134204100874722	0.00587566852274346	0.224759952136265	3.28515296033753e-06	0.0811181419711772	0.000103488862380035
ARSA	0.14450675782883	0.00299475530561955	0.180415826782303	0.000206280635883191	0.0493323545865286	0.00408787215019648
TTLL12	0.0173097752252454	0.723553158263764	0.146172279328287	0.00267458234107238	0.930667773420692	0.0349552439187757
RPL3	0.111816432424945	0.0219104251231941	0.142640588341528	0.00342041004145884	0.20168304010372	0.0422749815203338
MTMR3	0.135590019068736	0.00538004698127126	0.167426625815021	0.000570322951405135	0.0762256797772169	0.00957440249842973
APOL4	0.0754059062973883	0.122842172347335	0.233700787914503	1.28290759427319e-06	0.523523718266636	4.51134781566752e-05
SAMM50	0.15274485018412	0.00169265218384673	0.145358128852366	0.00285057059884318	0.0317768327637132	0.0368770153313345
FAM118A	0.398531838781006	0	0.308964660473456	1.21360300594148e-10	0	7.61584045077722e-09
MTHFD1	0.135965475065195	0.00525241918292352	0.198842936392275	4.06111068097121e-05	0.0746958246031947	0.000952854663336479
CD40	0.0969453567295292	0.0470837080171431	0.142344020414758	0.00348848024656981	0.31820728321566	0.042834814497748
SIRPB1	0.265394010813536	3.35007963592204e-08	0.330348487560263	5.01053563601516e-12	2.34416634347218e-06	3.77317193085446e-10
BPI	0.0639290120910645	0.191013048030825	0.219890856722609	5.39567431024869e-06	0.630308046258465	0.000160994704796741
DHX35	0.13139986141559	0.0070057366635532	0.157796877009016	0.0011762150001295	0.0927878723596568	0.0176476888159847
POLI	0.116569230979704	0.0168487553572167	0.154276729541288	0.00151749902997639	0.169064858641514	0.0219759429121307
MGRN1	0.149207966303081	0.00217001474911704	0.166965313214442	0.000600512715649216	0.0382144913613997	0.00999632430029127
AP3B2	0.0840705512189304	0.0852787079232185	0.164888270701366	0.00069287931378509	0.43832322114981	0.0112266326518416
RPAP1	0.130280242719712	0.0075087537664793	0.139872658688192	0.00407721556120775	0.0978426636194703	0.0484062213850896
SNX16	0.225684369808819	2.98604856574514e-06	0.25562389809466	1.20503105584931e-07	0.000140539797674683	5.41487457320953e-06
KLHDC4	0.220413129617648	5.11873759867498e-06	0.205889408184206	2.20148426183401e-05	0.00022485476773735	0.000547394215670487
DKKL1	0.2506981000981	1.93126275416233e-07	0.283956667796307	3.13399190961703e-09	1.19300739040325e-05	1.73885235128481e-07
C19orf44	0.102762945877103	0.0352640130727728	0.142657228037291	0.00339082997695415	0.266359497862788	0.0420239696360133
ZNF419	0.171422006231359	0.000417463501505733	0.185850717774236	0.000127685055314193	0.0100636704463592	0.002706717781151
CEACAM4	0.136149407931656	0.00519089545570717	0.161533890602133	0.00089234348115511	0.0740873833362393	0.0139718017930563
ETHE1	0.141981803054639	0.00354692965706116	0.17823647960143	0.000241307458026401	0.0558676748971765	0.00465370261125549
GTPBP10	0.140787944424154	0.00383885891925173	0.156803582105606	0.00126455417369951	0.0598695413698687	0.0187595306781277
CPVL	0.0961069863643766	0.0490340560612492	0.191027650031407	8.16270755746601e-05	0.326632081951388	0.00179284801824677
CRHR2	0.23513047663626	1.09992268582104e-06	0.271829017456468	1.50334791399028e-08	5.6843716841745e-05	7.34569055741587e-07
ELAVL2	0.0462744185078106	0.344136393435646	0.168883523189725	0.000509397841839265	0.767851515652905	0.00866195426972704
TRDMT1	0.110923887530355	0.02299556553921	0.157812006376537	0.00117491451286435	0.20737682049583	0.0176476888159847
RBP3	0.00706219010650991	0.885261771956306	0.1401851785336	0.00399436560110631	0.972378027398544	0.0474939079818761
CHRNE	0.553399169726681	0	0.39497949428745	3.92389363208968e-17	0	4.92479792840208e-15
FTSJ3	0.157609173838689	0.00119246015052843	0.21926638851143	5.74557447138037e-06	0.0240530163526232	0.000169515885616435
C17orf75	0.22505641819509	3.18624093686992e-06	0.218283017383479	6.34079929674372e-06	0.000148197688751944	0.000182980657077929
SGCA	0.0554028626419349	0.257253202266204	0.232264031101735	1.49599816519459e-06	0.701913422770715	5.12071752908815e-05
RCVRN	0.307396591999518	1.21454624135708e-10	0.361857062002457	1.93770381955929e-14	1.15703820848319e-08	1.74107092059719e-12
GNRHR	0.257520512026643	8.67913452218261e-08	0.218866181464558	5.98108425763436e-06	5.57934281844698e-06	0.000175157160093018
TBC1D19	0.135364022522964	0.00545820800339492	0.144644209586987	0.00296706961341435	0.0767936844890455	0.0378155774462732
DDX25	-0.0123042419722791	0.801489460777071	0.270409834158825	1.79719142670549e-08	0.949764038552014	8.71803227666278e-07
FOXRED1	0.138887532287435	0.0043486450868444	0.217782575702972	7.02200905646229e-06	0.0658711431066642	0.000199723113703048
FOLR3	0.204263578468766	2.46218381414476e-05	0.175043505419141	0.000312754129463626	0.000922677128836142	0.00588796881349736
ACCS	0.386363400164666	2.22044604925031e-16	0.372633175976313	2.78298107983877e-15	3.90157042476049e-14	2.89539886819541e-13
COQ5	0.152684131183786	0.00169996209169732	0.169868309911054	0.0004799398412369	0.0317768327637132	0.00826772184021823
PRR4	0.0141215697738733	0.772919685528657	0.162515336578682	0.000840880610058066	0.942716906652034	0.0132976859674583
AKAP3	0.230303962162618	1.8419762550792e-06	0.306633581499085	1.69131830911256e-10	9.10281640556954e-05	1.0447854586057e-08
LTBR	0.142950457556827	0.00332502209059005	0.156516760299095	0.00130656360813694	0.0534368895737713	0.0193102774757734
CHPT1	0.113246853385598	0.0202638884830308	0.14676691454096	0.00256804523734628	0.192118184934442	0.0340126192490738
SPSB2	0.284899201887154	2.76556422207364e-09	0.32868436006602	4.88666483153109e-12	2.1650808221719e-07	3.71527488681888e-10
FAM184A	0.164458765007631	0.000715884521351295	0.184460756831203	0.000143691122682176	0.0155082161926704	0.00297425577761248
GABRR2	0.0980007233113964	0.0447213911616138	0.140463169335275	0.0039219525683953	0.309642767000771	0.0468442280336883
MTRF1L	0.275512348026348	9.41313538227462e-09	0.271109408621526	1.87978078901131e-08	6.95604312781733e-07	9.06306506019051e-07
SLC26A8	0.087556172681221	0.0730587403263327	0.17149813216896	0.000414961337474963	0.404992958136908	0.00738986327796067
VNN1	-0.0246246839788814	0.614803875151022	0.205887753947279	2.11384654679934e-05	0.899388645619057	0.000530071567744367
GPR126	0.143014770980217	0.00331074447373636	0.180169234885408	0.000205803081763953	0.0533588367814687	0.00408787215019648
PRPH2	0.387824193988219	0	0.483917819028066	4.85180480678397e-26	0	1.0368438001957e-23
LY86	0.167101263690965	0.000584822146037389	0.182065775025651	0.000175766414143563	0.0132498243802798	0.00357271217643485
NUDT12	0.141357901748261	0.00369687944638564	0.15951240410336	0.0010504220120798	0.0578836154110321	0.0161904227086063
PFDN1	0.135630572320654	0.00536612866135178	0.152160370239356	0.00176422881027858	0.0761759054314336	0.0249548429389494
BTNL8	0.180781467769047	0.000195618032962752	0.18008817470453	0.000207188204388649	0.00544630910787493	0.00409559283025262
MSH3	0.269545339166953	2.00265293237578e-08	0.279327898443057	5.75317236797545e-09	1.42657448074732e-06	3.0530425445357e-07
SLC41A3	0.172245514297616	0.000391126205276482	0.195633091922421	5.42764548858228e-05	0.00954516946025044	0.00123678365643286
COMMD2	0.108466093029292	0.0262272436213871	0.188356914883709	0.000105850139679074	0.224397474666804	0.00227433982185445
RTN4	0.188761760828264	9.94298762553303e-05	0.185682542564763	0.000129528553580155	0.00315739771707187	0.00273845527582428
EFHD1	0.201690801920275	3.12745140722548e-05	0.234452477923129	1.18333954534664e-06	0.00115554945219308	4.25302990229814e-05
TAF1B	0.166891923312463	0.000594331023028971	0.204740115489299	2.35471117658969e-05	0.0134267868545431	0.000583658347125226
CEBPZ	0.182713407160413	0.000166487479611011	0.152151980129463	0.00178366109966963	0.00482203846624271	0.0251378197094571
LCT	0.0760600734774776	0.119618394350173	0.189114470740786	9.6437236363578e-05	0.516278735877083	0.00209486051628245
COX7A2L	0.29654280669803	5.67542457474701e-10	0.301981846909792	2.64196860705717e-10	4.93138264972798e-08	1.61938339348845e-08
GPX7	0.242202232156382	5.06405747113803e-07	0.353102894443472	8.89020058739127e-14	2.81982411438651e-05	7.64074087440248e-12
TNNI3K	0.04880142783337	0.318402748053626	0.141051527762751	0.00377259639642384	0.750659732988433	0.0457514105928272
CRYZ	0.429935671261517	0	0.409781396557966	0	0	0
TMEM9	0.177953464102396	0.00024696320490758	0.170773640809838	0.000439350597236227	0.00661945105492961	0.00768924210398052
WARS2	0.200900823049859	3.36373684219904e-05	0.419729325177616	2.36143145906215e-19	0.00122567130005842	3.39487973578262e-17
GBP3	0.592547368556524	0	0.55544291881771	2.28308302917045e-35	0	6.68605093024101e-33
NSUN4	0.290166312553808	1.36309363796272e-09	0.31392248140503	4.65959846647883e-11	1.11113210261559e-07	3.09608782138219e-09
DR1	0.201927130119828	3.05987633697491e-05	0.213684858937626	9.99374408496753e-06	0.00113588930499815	0.000274376855832772
SLC5A9	0.0718189986726736	0.141734375377393	0.174122217867482	0.000336777189372137	0.559333072097424	0.00621090422214089
A4GNT	0.394112250044267	0	0.382013073505422	4.84027145016843e-16	0	5.54667048644663e-14
DDX59	0.110177294051127	0.0239386848611325	0.144529042252381	0.00299025086096005	0.212270723400885	0.037951707155074
ALDH8A1	0.134341723616954	0.00582468127312508	0.324816561443842	8.92879347636618e-12	0.0809415726302284	6.53703426089143e-10
C2orf43	0.230616294619278	1.78213143220418e-06	0.245606672535397	3.77121038032709e-07	8.86246115373488e-05	1.5291774603716e-05
DNAH7	0.0648302944309106	0.184819380710884	0.146205592027881	0.0026685091027057	0.623184154917253	0.0349336117137317
PIGZ	0.189329669956476	9.46531778036608e-05	0.150786195685447	0.00194356573764445	0.00303005132345565	0.0267731259365063
INVS	0.178516915113249	0.00023582288183599	0.151167224360833	0.00189223791713953	0.00636399838456372	0.0261572119070319
DCAF4	0.153509605079868	0.00160301801332374	0.167858830097791	0.000551578062575292	0.0306902262260311	0.00929920627032587
IFI27L2	0.0974422665587228	0.0459587146951881	0.149751664168148	0.00208941605384693	0.31482403809848	0.0286326043982109
ACOT2	0.176892184000406	0.000269293856570707	0.164068633366078	0.000748356188396765	0.00709768841301527	0.012051430512532
EIF2B2	0.133831265276393	0.00601581873723633	0.163213091789694	0.000786665457478925	0.082012204750565	0.0125406527667054
PYROXD2	0.512594431204006	0	0.480852762722893	1.092482386746e-25	0	2.21493800820529e-23
PCDHB8	0.120887580539422	0.0131687442724768	0.171733209763428	0.00040732244632478	0.143423224466218	0.00727019996182852
MASTL	0.150613227058406	0.00196728379724043	0.228791454850454	2.1600461501261e-06	0.0355956818873685	6.9712183302233e-05
IQSEC3	0.167234555904628	0.000578841351008164	0.23369474219018	1.2837400512523e-06	0.0131899094017912	4.51134781566752e-05
CCDC77	0.125546720357893	0.0100103444512847	0.190495862179946	8.55130933646527e-05	0.117960944226987	0.00187110155764089
DNAJC15	0.443441358603238	0	0.43555024364032	7.1494767595426e-21	0	1.10844926936673e-18
PYROXD1	0.128737478496357	0.00825470399966588	0.195509861112094	5.48791462847557e-05	0.103864358171049	0.00124692359101599
CAT	0.211916349427864	1.18737530749868e-05	0.236865288351975	9.82094641098056e-07	0.00048394724517485	3.62870202203847e-05
LDB3	0.130933874832629	0.00721130994091723	0.171400738943679	0.00041816503544309	0.0947173217655026	0.00743018187696294
OPN4	0.195123985161828	5.68074917683958e-05	0.200949402356058	3.34873208116731e-05	0.00195294277135959	0.000797542908608131
EBPL	0.167110895271303	0.000584388064931218	0.208592065342804	1.63533643723055e-05	0.0132498243802798	0.000428165735403377
TSFM	0.20477175104155	2.34773620606532e-05	0.245740038479853	3.40428334569327e-07	0.000888208142648732	1.40196189658316e-05
SMUG1	0.165683061162265	0.000652104648035223	0.140330350937067	0.0039564005305413	0.0144027694190349	0.0471133418599247
COL10A1	-0.0654806855396048	0.180442718298533	-0.141881743796394	0.00357060071679063	0.61802996357647	0.0435019104278328
WFDC3	0.30522260273259	1.66249014554865e-10	0.472299111150493	1.00826556539091e-24	1.54650700951213e-08	1.99308895638647e-22
SLC12A5	-0.00329510326548964	0.946320229953588	0.15579663749895	0.00136030172808373	0.988198324531537	0.020020308034306
BTN2A2	0.152999533924983	0.00166230381453714	0.176359449205296	0.000281201215099471	0.0313695376170528	0.00534485098026807
PEX6	0.327159984989912	6.20348217239552e-12	0.474517591207595	0	7.54629746725099e-10	0
NQO2	0.303721196472958	2.06189731954964e-10	0.38186167162681	4.98111913093629e-16	1.89574675647431e-08	5.62652985261618e-14
TCP11	0.114472946301328	0.0189392474244043	0.145140106425394	0.00286910878778902	0.182939551677057	0.0370082270555428
COL21A1	0.115300263108759	0.0180886519706034	0.505367918736396	1.30867564184859e-28	0.177995700608397	3.04344067649905e-26
BBS2	0.197967636768051	4.39739113671234e-05	0.220988107215737	4.82955015790329e-06	0.00154534096524375	0.000144648685979323
GRK4	0.337399639054488	1.21724852419902e-12	0.307403947548759	1.21325201362827e-10	1.60413068014028e-10	7.61584045077722e-09
PAX8	0.408698931814009	0	0.468086619274429	2.94447490591956e-24	0	5.54332454312047e-22
SLURP1	0.102864618023168	0.0350822504220716	0.191432392370261	7.87815562751884e-05	0.265959112260134	0.0017448900993499
PRR12	0.142142874435997	0.00350912361060152	0.141723835493075	0.00363481833593536	0.0554932807780524	0.0442161670496014
WDR60	0.232104629771142	1.52162864264227e-06	0.219532353915357	5.59398244097611e-06	7.71251133164899e-05	0.000166284282559391
YEATS4	0.163810590522576	0.000751943840779035	0.167334767851778	0.00058374133110472	0.016069243105513	0.00975822982039117
TAS2R4	0.131457855118869	0.00698052275671723	0.163807745231736	0.000752105770911746	0.0927646948527112	0.0120626781553736
LRRC61	0.223711692259915	3.65895267329108e-06	0.292190287824807	1.03457379222155e-09	0.000169189115717617	6.01498159933516e-08
EMR2	0.117434971865497	0.016046107871392	0.21093689387614	1.36602506424279e-05	0.163290315236933	0.000364904060235396
WFIKKN1	0.333934770337128	2.12674322597195e-12	0.339709987821408	8.35993918063566e-13	2.75674732586233e-10	6.74510603074348e-11
ZNF835	0.134427939287853	0.00579294243963346	0.142230288604121	0.00348875939503601	0.0806422462503201	0.042834814497748
PTPN12	0.16874399135901	0.000514959764596146	0.198330422081925	4.25493850807221e-05	0.0119058095282507	0.000987649900558028
STYXL1	0.139105878994496	0.00428711433917273	0.196263017364044	5.30159506854386e-05	0.0653144760690535	0.00121155237592417
DGCR6L	0.114773020854276	0.0186267847078763	0.158006498836381	0.00115831385326328	0.181534090269976	0.0174786023621236
IRF5	0.139390429506768	0.00420810800273808	0.174584453511291	0.000324516943940164	0.0643588200728239	0.00606608859511791
TWSG1	0.17777579882569	0.000250576691418036	0.203873986454333	2.55348586227501e-05	0.00667107710115291	0.000628984819719891
C15orf57	0.312874364839777	5.44329026297419e-11	0.318449246415208	2.36431283406588e-11	5.73867948124492e-09	1.62561926773556e-09
ARPP19	0.151250228082929	0.00188122247057243	0.159142120356662	0.00106562059892421	0.0347569098763215	0.0163608972343567
ANAPC13	0.312781387885978	5.51871881526722e-11	0.279958175514194	5.2999381574592e-09	5.74164600951551e-09	2.83152777101553e-07
TMEM8A	-0.118273550352854	0.0153007792787961	-0.14709817758928	0.00253259159525618	0.159188502312422	0.0336558012499002
SHC2	0.0972346306404622	0.0464260238998584	0.163011452121935	0.000810237612417337	0.316457388772569	0.0128904402442332
SYT5	0.0228361204914356	0.640737932762298	0.323950206658202	1.02075466799062e-11	0.907746002853868	7.33737014527439e-10
QRSL1	0.183367271638752	0.000157586552860245	0.250918332060515	2.07163612976435e-07	0.00461962234486739	8.71299302023762e-06
NDUFA10	0.22342828150923	3.76679099600707e-06	0.230386397978706	1.82599678153591e-06	0.000172161944540046	6.09204917789216e-05
SSBP4	0.139747271518938	0.00411089063930437	0.160603003289792	0.00095643165460571	0.0631161403591837	0.0149161836153202
KIAA1683	0.0819903184775285	0.0933236516451132	0.170594093866458	0.000445597673098495	0.45874346937384	0.00777779426311215
MAP3K10	0.119147507271898	0.0145564946715284	0.140598464681935	0.00391464816775255	0.154494232708423	0.0468442280336883
PKDREJ	0.127722538975264	0.00878079909269358	0.180640001224497	0.000197928637940389	0.108824104115875	0.00395207510150166
C3orf20	0.115220660491453	0.0181690190747577	0.209595221358569	1.48555438653535e-05	0.178020364094311	0.000392852124894146
MAP1B	0.0780195209757936	0.110356327831344	0.180910501221389	0.000193532546599936	0.49752222129831	0.00388391331463374
C19orf40	0.197802937510215	4.46353961156554e-05	0.272217151149982	1.43145103193287e-08	0.00156164635878977	7.07405206843326e-07
ENOSF1	0.11190523399964	0.0218049301040173	0.142272086823867	0.00347905990217784	0.201180376117228	0.042834814497748
TMEM128	0.150187141430911	0.00202684378347495	0.160386882659685	0.000984902997976003	0.0365171947343066	0.0153288402796274
FIGNL1	0.101252741530743	0.038059554683588	0.148425865908439	0.00229094140003174	0.278903520744329	0.0308069279762771
UTP3	0.0918139870634385	0.060109220711932	0.144855838503091	0.00292489778595773	0.365602775514805	0.0374225999895918
IGHMBP2	0.0988517919478876	0.0428896703422934	0.233356684075792	1.42778959205803e-06	0.300912709313677	4.90849230626211e-05
SPINK5	-0.0618719986568042	0.205716393843421	0.395652815507414	3.43343492434139e-17	0.647632436561913	4.45051966340449e-15
LRRCC1	0.18440379202487	0.000144385651619672	0.230086658714236	1.88474280991558e-06	0.00430814093342168	6.26162243613551e-05
ELP3	0.161460880852242	0.000897222837295875	0.179388307552878	0.000219515344626769	0.0188178805689615	0.00431768116906433
GSTM1	0.0565341257279737	0.247649814904086	0.239699336793747	6.68225817194434e-07	0.691299351778158	2.57739587149092e-05
GSTM5	0.10338242494243	0.034168866321546	0.253429079553563	1.40603181370273e-07	0.262814422183331	6.24578289379072e-06
GSTM3	0.172132950470751	0.000394632582212839	0.161645990586191	0.000884899348067173	0.0096011071617136	0.0139103362726981
NAPG	0.178939584920669	0.000227776378895816	0.151344138525084	0.00186883037503691	0.00616790352030555	0.0259881427018895
CYP2J2	0.153180173400797	0.00164108189886925	0.197573771376003	4.55714597117296e-05	0.0312067210283245	0.00105053507854416
TIMM10	0.242636617002873	4.82463229367625e-07	0.263803984810847	4.07038451301223e-08	2.72488339614986e-05	1.93882712917998e-06
TMEM165	0.138792588179994	0.00437564860010142	0.162575298567314	0.000825360594609964	0.0661534483384359	0.0130784092616853
CARS2	0.163519783183985	0.000768662048725055	0.168887602658421	0.000509236071522159	0.016333174125021	0.00866195426972704
OSTF1	0.169580148632045	0.000482454638286001	0.199251511004038	3.91260391110627e-05	0.0112862982986018	0.000923491317167679
FAIM2	0.111635369527697	0.0221268969171753	0.156714249498757	0.00127279097629186	0.203202524882816	0.0188463637631831
SMPD2	0.163905756240269	0.00074654635225091	0.175486054535177	0.000301791795015439	0.0160406032805651	0.00569514969734385
ZNF670	0.149928713957416	0.00206376640884542	0.155938363758136	0.00136220130548332	0.0369190067754316	0.020020308034306
CAPN9	0.0817479365644985	0.0942992426139044	0.205797232829094	2.13196175028176e-05	0.461229981898416	0.000531779859920437
TSGA10	0.139021672104277	0.0043107502896409	0.180671230840961	0.000197416370606751	0.0655482741157511	0.00395182593009514
MYCBPAP	0.167316224346772	0.000575204990473033	0.229195517915455	2.07027584528453e-06	0.0131449302302609	6.76432690440693e-05
IL1RN	0.182014439125246	0.000176522285839864	0.262755647081818	4.62485315198886e-08	0.00502072559041657	2.18974334567521e-06
C9orf78	0.160474442963603	0.000965609057953287	0.15858447529262	0.00112432597928523	0.0200148649428461	0.0171291821160083
SLC2A8	0.126711932858724	0.0093341013293724	0.14652703026699	0.00261054964670674	0.113371335194082	0.0344029417918676
C9orf156	0.146315428656034	0.00264857364537385	0.150621349268204	0.00196616415411849	0.0452316885830908	0.0269903818864843
LMX1B	-0.171256323240314	0.000422957901192294	-0.16790355782467	0.000549671206292867	0.0101572040588978	0.00928685946187543
APTX	0.10741601628517	0.0277229465602471	0.154279262379178	0.00151722374048821	0.230742461528288	0.0219759429121307
VARS2	0.23841798976125	7.69245144471853e-07	0.240629420528739	6.03013382847351e-07	4.08216198479124e-05	2.37215264585771e-05
MMP27	0.163175278208819	0.000788911996919772	0.148563385321372	0.00226924255098514	0.0166789496247183	0.0305671224031338
CCBL2	0.456206347446073	0	0.461966228282837	1.36096778246267e-23	0	2.44572096725735e-21
CYP2C9	0.0442333223744899	0.365860547842067	0.216601565040308	7.4970691758849e-06	0.782187377552661	0.00021021037579334
ATAD1	-0.0786959811957866	0.107293194538531	-0.14252111533208	0.00342177667547915	0.491190155353921	0.0422749815203338
BTBD16	0.142892212809658	0.00333800064926626	0.199099036691454	3.96741355536162e-05	0.0534996684739248	0.000933641041138224
CEP55	0.0789525643415509	0.106149047205371	0.139467706011881	0.00418688037656596	0.487741751435092	0.0494114375186672
ASNSD1	0.0598791798294784	0.220726035062753	0.178939924325952	0.000227770021963094	0.661766841732702	0.0044359053292172
PPCDC	0.155903587406788	0.00134982475824219	0.142994578779465	0.00331522115030196	0.0265006500334078	0.0412161220682981
PRDM5	-0.146971288984174	0.00253233123005588	-0.153831943623981	0.00156655911094946	0.0439104013948505	0.0224805497101223
NAAA	0.150940568932516	0.00192261877088318	0.228199804134282	2.29824098449881e-06	0.0351088836521323	7.35716253620732e-05
ERP27	0.194703260064221	5.89827867427672e-05	0.254743288375084	1.20528383063726e-07	0.0020102452360994	5.41487457320953e-06
KLRG1	0.174435445837918	0.000328422979156251	0.230486559507482	1.80675989385501e-06	0.00843130031230025	6.07448570524315e-05
VAMP1	0.154598511109584	0.00148288991173651	0.229817392599672	1.93905552495394e-06	0.0285980744685379	6.38838001492116e-05
TAPBPL	0.140444224352044	0.00392684951085354	0.240533976932824	6.09413004277922e-07	0.060762424818628	2.38545971526016e-05
AMDHD1	0.0109271522008761	0.823318179569449	0.214124165058872	9.57271811504694e-06	0.954538380848985	0.000263733387232321
CBLN3	0.31910775966746	2.14006590226745e-11	0.340907673386455	6.87148529215603e-13	2.3502084846151e-09	5.71924570579766e-11
DISP2	0.124438050016621	0.0106937801107092	0.532702863031687	3.69583649276577e-32	0.123259066086556	9.74099304943299e-30
CYP1A2	0.0937402064978544	0.0549077041975494	0.16714257237086	0.000582962531853773	0.347641460478423	0.00975822982039117
SEPT12	0.107248292493805	0.0279685117915394	0.233897144002244	1.25615018306934e-06	0.23181029636866	4.45720145174247e-05
ADAD2	0.0339107057364156	0.488252543537152	0.162589847999598	0.000824458604938646	0.845513110325945	0.0130784092616853
GALNS	0.122727985914771	0.0118291039803569	0.143679925143778	0.0031663099503793	0.132537172546096	0.0399298449404292
UNC45B	0.22956792908	1.99070842210602e-06	0.203779292866509	2.5761574179615e-05	9.65676778747996e-05	0.000632598655398185
SCRN2	0.182137573411483	0.000174714337918935	0.172777974058819	0.000374929699316405	0.00500531257219211	0.00683080445275302
NPC1	0.182848603521442	0.000164609302806262	0.248662923180609	2.44077985543563e-07	0.00478516822532763	1.01574980615419e-05
FN3KRP	0.290608592487788	1.2836169904773e-09	0.366386106821143	1.06257465811924e-14	1.06837468881095e-07	1.00021164544629e-12
ZNF614	0.121937827989455	0.0123887611897369	0.175118420658361	0.000317115738197662	0.137388407752103	0.00595590057465301
ZNF593	0.121284164178438	0.0128692716871317	0.174660668096763	0.000322535869042801	0.141133607808808	0.00604334387801287
NBPF3	0.450673323399379	0	0.416701422829575	0	0	0
ITGB3BP	0.24843229267357	2.50608759966298e-07	0.231913413924399	1.55292978788845e-06	1.51264386645307e-05	5.26996387675279e-05
CYP4B1	0.0552569008094447	0.258510788555143	0.155519324859258	0.00138781679240991	0.703387751240715	0.0202836735260353
SYPL2	0.0885847727783194	0.0697387260582425	0.140983363601584	0.00378963223346227	0.398540196756403	0.0458876295099328
SLC44A3	0.179630133454172	0.000215180370861656	0.165494904011216	0.00066155153078204	0.00590774719584415	0.0108076197394496
NME7	0.192550941918865	7.13958317934971e-05	0.237965067829183	8.72378766575229e-07	0.00237196152097135	3.28471376538588e-05
MAEL	0.018354734947095	0.707607909811737	0.194586899049554	5.95981482402412e-05	0.929221453110558	0.00134257139069968
CASQ1	0.122690695465653	0.0118550052533311	0.2435206981666	4.37049831511892e-07	0.132584903165613	1.74532980695178e-05
HORMAD1	0.142514872959491	0.00342320207118219	0.363096799794832	1.55573166465139e-14	0.0542430035607967	1.41392761751707e-12
FLG	0.200749909463365	3.41075665453161e-05	0.40988873797232	1.8978647975285e-18	0.00123710334254043	2.58731326794101e-16
ZNF514	0.183607536285489	0.000154429496266983	0.172506296508749	0.000383113951961064	0.00457331096248329	0.00694789453705536
THNSL2	0.649973587623707	0	0.669210359699308	7.16844229889984e-56	0	3.77872488382674e-53
GPR17	0.253620857045255	1.37484899465079e-07	0.172142284806589	0.000394340707474231	8.62772301643159e-06	0.00711884012328481
PTH2R	-0.038699566203378	0.428921938401441	0.157869859088781	0.00116995382126159	0.814972786080462	0.017620618789934
ESPNL	0.317117626511589	2.88999935094125e-11	0.482060630705561	7.94185819604556e-26	3.13030477642363e-09	1.65253349358243e-23
DGKQ	0.153060198713505	0.00165514888724116	0.161970143983647	0.000875788936766546	0.0313092398359232	0.0137945480538109
SNCA	0.145471052954956	0.00280537936475911	0.185627942118711	0.000130132425697316	0.0471801446106652	0.00274388557330314
RNF175	0.0851463163213594	0.0813430332808984	0.165655559986614	0.000653477566316578	0.42821528904931	0.0106978201177333
CYP4V2	0.110843840636411	0.0230951199400224	0.158634038255805	0.00112026044262473	0.207750982213603	0.0171001917371307
GTF2H2	0.237616100507405	8.39756077786191e-07	0.219093356061063	5.84629263872975e-06	4.42663420470361e-05	0.000171846230090841
PCYOX1L	0.176511087076398	0.000277762788816638	0.161606176813059	0.000887536635604838	0.00727241844759323	0.0139241114637449
LGSN	0.0975891903123052	0.0456304357446646	0.141242165138378	0.00372531917069895	0.313637100244632	0.0452474634143113
PNLDC1	0.145255736922595	0.00284669399392778	0.232722797637085	1.42451965641293e-06	0.0475873349048351	4.90849230626211e-05
ZMYM4	-0.117337022321723	0.0161352065186772	-0.146832033771817	0.00255661627777184	0.163565484542539	0.0339180619267482
SDK1	0.114441883652485	0.0189718518243565	0.149468134027504	0.00213109921390077	0.182939551677057	0.0291029386602994
POMZP3	0.735177605356088	0	0.776679521078481	6.2307603843831e-86	0	4.47878385084702e-83
TRIM4	0.23747757045433	8.52549232988054e-07	0.221635283493046	4.52270919442331e-06	4.46430912929572e-05	0.000137015561686993
NOM1	0.234824552818413	1.13683872804415e-06	0.282135386255024	4.66311642355613e-09	5.83700248223709e-05	2.52542887404509e-07
ADHFE1	0.14312402104507	0.00328661838133848	0.177735461049937	0.000251403964393384	0.0531437454831153	0.00482488142344293
NAPRT1	0.289605906129317	1.47068490718993e-09	0.379906105719744	5.24003541046255e-16	1.18660260828069e-07	5.83562816767991e-14
NFIB	-0.141554453688849	0.00364903144706288	-0.148137542081952	0.00235844424267381	0.0573616136221196	0.0316608126092052
CER1	0.108574120227944	0.0260773895994202	0.152172608648976	0.0017627020757099	0.223696035644255	0.0249548429389494
SURF1	0.204344187263741	2.44368331556721e-05	0.234263394755234	1.29689202186058e-06	0.000920104951247141	4.53740053842991e-05
SURF6	0.171539117714643	0.000413619980692115	0.173617748263277	0.000350649669887916	0.0100015082181424	0.0064180253236198
ZNF215	0.283361491179946	3.3907143759393e-09	0.343842409213528	5.78069712011473e-13	2.62846848730902e-07	4.86255022646247e-11
HSD17B12	0.355368849365823	6.01740879346835e-14	0.391220656537715	8.22267525055684e-17	8.65084569635531e-12	1.0002568185562e-14
APIP	0.152886423980809	0.00167571999930627	0.185901280619505	0.000130484465781281	0.0315474238917016	0.00274399114609731
TTC12	0.19663720358368	4.95933045217001e-05	0.208226245541813	1.69344317372311e-05	0.00171988710023282	0.00044046234127068
GXYLT1	0.138054022798965	0.00459093321740567	0.153423513082849	0.00161288649110332	0.0685443775523587	0.0231034302267282
DPYSL4	0.228831604755834	2.15096207289989e-06	0.528789138292376	1.24688750151845e-31	0.000103705226283045	3.18036757242141e-29
MLF1IP	0.217013328118573	7.19663674497717e-06	0.228294135130342	2.42556720272941e-06	0.000304298431778259	7.70239352288413e-05
CCDC122	0.226613462173147	2.71176424826436e-06	0.244776573887283	4.1363685660824e-07	0.000128394730006145	1.66868705367416e-05
BEND6	0.198487561461104	4.1945993969339e-05	0.207855573539229	1.75431698511289e-05	0.00148729584894871	0.000453313215728353
G6PC2	0.362016769032333	1.88737914186277e-14	0.454218885166206	9.04539000641233e-23	2.81575601409602e-12	1.55482388653701e-20
TGOLN2	0.186396276517507	0.000121872950613611	0.204114049885284	2.59684215315413e-05	0.00369214337357019	0.000635703743188536
ATG10	0.528243389464167	0	0.516876321887997	4.58869555742416e-30	0	1.13383799289228e-27
ZNF773	0.14767921387001	0.00241209437578083	0.178619132977306	0.000233852918758485	0.042009758214315	0.00454318188850943
CENPH	0.159611166274883	0.00102937056954833	0.172688164688215	0.00037761700274957	0.0211408651777107	0.00686394859940425
CAST	0.185481548552141	0.00013176458639963	0.169370250722186	0.000498880178013249	0.00396145469453183	0.0085381938691575
PLA2R1	0.170485690607817	0.000449409298427739	0.164957620783228	0.000689229624492611	0.010702799619157	0.0112134539935454
ING1	0.129182529462099	0.00803301137993317	0.171338353877937	0.000427865296719911	0.102327640396658	0.00753481269747068
CFDP1	0.129525711549316	0.00786570597133895	0.178965662446961	0.000227288439744935	0.100964508304184	0.0044359053292172
MCOLN2	0.242264868545325	5.02884224928835e-07	0.330521441837037	3.65907232329596e-12	2.81982411438651e-05	2.8364985157158e-10
GAL3ST2	0.0476625833230348	0.329840564223807	0.168038177350272	0.000543968893322763	0.760552347411659	0.00922487104252755
MRPL39	0.164907853087959	0.000691846941626828	0.201861911823141	3.07838526103242e-05	0.0150904196507104	0.000737599765423738
ALS2CR12	0.122366819470063	0.0120820795678269	0.19776258773381	4.47988818436717e-05	0.134743304855864	0.00103574490859039
KIF5A	0.0480807729879805	0.32561010395433	0.142150627001739	0.00350731320859161	0.757680721591197	0.0429958535509052
N6AMT1	0.218347884862606	6.29979000077441e-06	0.235292072651121	1.08088954204548e-06	0.000269256429924991	3.95675630044147e-05
NAA11	-0.172444279486139	0.000385005385231555	-0.163826748613729	0.000751024869122858	0.00944404734634796	0.0120626781553736
TDRD9	0.0647321526654015	0.18548654307805	0.355962332439992	5.4330043882911e-14	0.623768151822326	4.77319618869086e-12
MED19	0.187707219085547	0.000108906800401432	0.143520117039887	0.0032004792215953	0.00340366035879098	0.0400414386157501
UNC5D	-0.0181554894376274	0.710638646788176	0.249206398887815	2.29329810415833e-07	0.929221453110558	9.59423709501584e-06
GLYATL2	-0.00805672468497506	0.86923969557847	0.15092320468378	0.00192496457876262	0.970950711345114	0.0265631674071134
WDYHV1	0.0860095668566764	0.0782921938270607	0.151250440601189	0.00188119434269895	0.419130925247508	0.0260510739381088
SLC6A1	0.260580948813647	6.01706893199605e-08	0.32637274443634	7.01315733245091e-12	4.03194610553329e-06	5.18252663810181e-10
FCHO2	0.202366692214974	2.93785020437642e-05	0.184247993002752	0.000146301314483572	0.00109573497952851	0.00302037726794152
CLEC18A	0.155794842752813	0.00136047817995388	0.363670719759382	1.4049218992975e-14	0.0265612369602354	1.30690793620533e-12
AASDH	0.133580608373738	0.00611172106546753	0.153367406520769	0.00163686769507203	0.0831762107825332	0.0233622975901346
ACAN	-0.0180471838261304	0.712288009004747	-0.140871870831791	0.0038449257993128	0.929229712456778	0.0464150050307883
LRRC43	0.122484178793845	0.0119993572305708	0.185374903601917	0.000132965664221992	0.134009770652716	0.00278875200796628
COPG2	0.219850306074626	5.41776414619832e-06	0.169768744521381	0.000475391589799972	0.000235375061010935	0.00821503663264752
CDA	0.0314524005400706	0.520340629896513	0.277869232625047	6.95086187998392e-09	0.862287634345614	3.59218724738777e-07
SLC5A11	0.124896074472066	0.0104065741875821	0.394734913757504	4.11858872179397e-17	0.121363985400017	5.08838765987889e-15
LRRC36	0.0875154667816543	0.0731927326644293	0.166638068495374	0.00060605421826612	0.404992958136908	0.0100462698193506
LY6K	0.168860195319007	0.000510323820035907	0.286801236486676	2.14565971524719e-09	0.0118680307206586	1.21183795488997e-07
SIGLEC11	0.201500582502572	3.18286607281504e-05	0.253898781483876	1.33083898339346e-07	0.00117055451338365	5.94516601225543e-06
RBP7	0.141407807519127	0.00368467700400954	0.139572848439898	0.00415815350632327	0.0578070259339354	0.049145769468607
SLC25A34	0.18087978508794	0.000194027095563598	0.251088745679963	1.84595678138909e-07	0.0054211033378847	7.89384642700127e-06
LRRIQ3	0.409952712696542	0	0.438392574489851	3.73966837522238e-21	0	5.91391156857666e-19
TYW3	0.170720008897626	0.000441208056876974	0.148978594983442	0.00220486103841538	0.0105396740354267	0.0299050334434331
NTNG1	0.00719027154347805	0.883195597431381	0.188954322910054	9.77853847141831e-05	0.97178064287612	0.00211832612858917
HFM1	0.0342004410922578	0.484541962374261	0.14525898143694	0.00284606735389886	0.843373308292283	0.0368770153313345
ZNF496	0.157366309835708	0.00121378582271614	0.146270379538459	0.00265673364014763	0.0243588946706003	0.0349336117137317
ACP6	0.200398370733108	3.52270827215229e-05	0.215560165123807	8.31114506827344e-06	0.00127187462593188	0.000231395155122669
PM20D1	0.373190599542414	2.66453525910038e-15	0.577601445395249	9.65703165192072e-39	4.13107456739346e-13	3.31991953355379e-36
B3GALNT2	0.176899882697813	0.000269125284040772	0.20815378587926	1.70518291304901e-05	0.00709768841301527	0.000442061681753393
PACRGL	0.219062648177532	5.86434200533503e-06	0.211086681332151	1.2867409209107e-05	0.000252007349109696	0.000347244384356345
PGLYRP4	0.0443014883014881	0.365121547228493	0.142436000740787	0.00344125836010461	0.781776594834952	0.0424493445450033
EFHB	0.209444109028687	1.50725162375576e-05	0.596352861924289	8.35731053224275e-42	0.000584207773972391	3.14672639897349e-39
DCLK3	0.112872523575523	0.020684034240064	0.158065671509266	0.00115330626368076	0.194059630002963	0.0174363147742328
RPL9	0.697269978560073	0	0.790644513521754	4.32793892796682e-91	0	3.42210131034336e-88
RFT1	0.183247335310392	0.000159185057171385	0.181860405225446	0.000178808606960256	0.00464456179724775	0.00361595819753132
WDR41	0.193298535934259	6.68288155498686e-05	0.183329069938082	0.000158094061877267	0.0022485763597992	0.00323847084783303
ERAP1	0.397755267752865	0	0.340569948572814	7.26271780695506e-13	0	5.92023811336017e-11
ERAP2	0.69997283847467	0	0.769288910427463	2.37433796140862e-83	0	1.5644908550715e-80
FAM170A	0.279749938048633	5.44571232552471e-09	0.188090851156621	0.000105364973956747	4.14031224595422e-07	0.00227008405742779
KLKB1	0.190335912836593	8.67155726858027e-05	0.174319146574645	0.000331502021141093	0.0027986123805169	0.00616749760273559
NSA2	0.386499182540316	2.22044604925031e-16	0.297551690552794	4.93089723017728e-10	3.90157042476049e-14	2.95368215144029e-08
C6orf195	0.108448924784919	0.0262511273639552	0.145464802678066	0.0028065709313935	0.224397474666804	0.036439337199554
KIF6	0.179287918691192	0.000221338801362769	0.194009618962493	6.27416364859277e-05	0.00603491690474282	0.00140537710961538
SLC13A4	0.0592258400259712	0.225813162938656	0.234068125132604	1.23328704038116e-06	0.667939068289239	4.41248897207865e-05
CTSB	0.174090359412229	0.000337637906690613	0.179213073975047	0.000222707484842456	0.00852165064481045	0.00436959821997344
INTS1	0.170447935418274	0.000450743932361108	0.17868274277551	0.000237756170299039	0.010702799619157	0.00459642552213815
ALDH7A1	0.173079166407728	0.000366046812800169	0.142938290990813	0.00332772935189841	0.00910167342393377	0.0413066812958567
NUDT2	0.387235742455069	2.22044604925031e-16	0.395549715440148	3.50442440370709e-17	3.90157042476049e-14	4.46927157421161e-15
METTL2B	0.217453696423569	6.888042133113e-06	0.245427548827383	3.52668503973813e-07	0.000292815855626476	1.4448444875238e-05
WBSCR27	0.495013557954724	0	0.556992397904505	1.35140855460948e-35	0	4.10984132357582e-33
AKR1E2	0.111856209337604	0.021863116124204	0.153986358031828	0.00154936459507575	0.201482120272822	0.0222742288241162
STK32C	0.158318885717198	0.00113210196570979	0.14952851115027	0.00212215972871903	0.0230116458685534	0.0290309982266114
CASP7	0.231650099000873	1.59704417379558e-06	0.236529371179193	9.45270963204181e-07	7.99229638114029e-05	3.52559316323371e-05
PTER	0.155951810612905	0.00134512504736461	0.173934353420316	0.0003418823956814	0.0265006500334078	0.00628666070384378
C1QL3	0.59799243629605	0	0.630687980919068	5.76059118732489e-48	0	2.53049969545433e-45
IKBIP	0.220127914546478	5.26824721669428e-06	0.218455895783986	6.23206588236956e-06	0.000230143816256363	0.000180501629787165
GABRB3	0.101070461241308	0.0384093432482415	0.279984580411454	6.14927523536375e-09	0.281206182466524	3.24148795240141e-07
NUDT13	0.264035209638117	3.95703643185641e-08	0.211548516007094	1.23049349475735e-05	2.74458658479725e-06	0.000334347493575477
WDR72	-0.0855369707632496	0.0799507063258857	0.143577973522642	0.0031880701946762	0.42342279632872	0.0400128111576265
XRRA1	0.210521559077406	1.35889589216731e-05	0.51457989432884	9.04676154819797e-30	0.000539939186902861	2.1676588958061e-27
GALR1	0.0703747298938126	0.149940964117436	0.186191596104439	0.000124023754219963	0.574693764741586	0.00265042114761418
CHRFAM7A	0.134051041322606	0.00593284541356232	0.177496559240964	0.000256356069898712	0.081442723411523	0.0049080083406516
SLFN5	0.200082876362926	3.62613351847507e-05	0.211485876691769	1.23798298562253e-05	0.00130326535139011	0.000335230529702649
LDHC	0.672039432834435	0	0.498279252196089	9.68281428354037e-28	0	2.12672257055427e-25
DCTN5	0.309482661021558	8.96447360787533e-11	0.273050113480133	1.28821538988147e-08	8.75087565647781e-09	6.44678423278026e-07
XRCC6BP1	0.259463773096179	6.88169206064515e-08	0.288835780572128	1.94062412734816e-09	4.53446159362677e-06	1.1039219406433e-07
MS4A14	0.0783340721946502	0.108923528789236	0.256002904969696	1.03899486508419e-07	0.495451300553887	4.77635604547715e-06
DIS3L	0.165831470771176	0.000644741736659737	0.179914891198253	0.000210178512806991	0.0142800361674189	0.0041443428946755
ISLR2	0.189461441787257	9.35761331770646e-05	0.145216549058398	0.0028542725917259	0.00300774993915061	0.0368770153313345
PROCA1	0.158715023527239	0.00109964847762667	0.217113048814987	7.12562307525782e-06	0.0224674948645842	0.000201943733534278
ZNF528	0.227503570020043	2.47170440204059e-06	0.202406017826593	2.92716064328231e-05	0.000117733534379126	0.000703497240317119
PSCA	0.099454680011954	0.0416306863823979	0.357532933673808	4.13662030241751e-14	0.294951421717827	3.67508502597924e-12
SRR	0.279546836208302	5.59163160218645e-09	0.253736780172871	1.49939721677416e-07	4.21076486461793e-07	6.62331496817503e-06
CYB5D2	0.187110570659982	0.000114638419574931	0.151755962335387	0.00183403655140602	0.00355469013168226	0.0256214258161968
TMEM68	0.0668869886290155	0.171242381068002	0.15415020393524	0.00153130935327802	0.60679293726979	0.0221353986405289
GSDMA	0.241978004302121	5.19207475679906e-07	0.443578709000125	1.12833257166865e-21	2.87089056657414e-05	1.85869284253834e-19
TMEM99	0.165005848669392	0.000686702038477538	0.151651671776364	0.00182877049157011	0.0150408670865426	0.0255930765961857
RPSA	0.122996671471588	0.0116439534402077	0.165455623623904	0.000663539627275652	0.131339143868363	0.0108177481090074
ULK4	0.382695253528507	4.44089209850063e-16	0.277949180473692	6.879383811068e-09	7.63350735279227e-14	3.57863735487596e-07
KIAA1586	0.186545469751974	0.000120327343685389	0.214301914333579	9.40720945176068e-06	0.00367066786564298	0.000260079738234516
FAM107A	0.110021050989655	0.0241402312298948	0.177684518781691	0.000257870100014836	0.213270176910367	0.00492506976042829
SEPT2	0.150995992928426	0.00191514880202415	0.155105187671132	0.00144618428676486	0.0350534295777892	0.02109774751928
SERINC2	0.167929602491319	0.000548563676815661	0.163255107512921	0.000784176205139178	0.0125724434567578	0.0125264124098241
NDUFS5	0.176546316038042	0.000276969602948984	0.255645796992062	1.08374584746322e-07	0.00727241844759323	4.92481518154695e-06
GSTM4	0.132353760851323	0.00660119501982925	0.183123251554036	0.000160854831460015	0.0886174007161119	0.0032865094376081
USP39	0.14385684561145	0.00312886850079619	0.151984457164044	0.00178630811955236	0.0512214559747318	0.0251378197094571
BTNL3	0.174172083094683	0.000335434090127595	0.378296148781943	9.74606293614013e-16	0.00852165064481045	1.05564547446658e-13
UPF3A	0.186509349611896	0.000120699841288374	0.22318169928077	4.09320859168529e-06	0.00367066786564298	0.000126425782556467
RGS14	0.231792315144331	1.57307108783478e-06	0.272603586078054	1.36318043587191e-08	7.92246693726725e-05	6.779036293358e-07
P2RY12	0.174346251512356	0.000330782017436526	0.242972284667303	4.64710802090409e-07	0.00843707552216326	1.84646648850697e-05
SNUPN	0.168544407917261	0.000523013514185156	0.173785541646643	0.000345977453125417	0.0120567575995977	0.00634720121081827
SLC38A11	0.0767011489794628	0.116523578453851	0.329853173805208	4.06604975897571e-12	0.508541999272659	3.12138402371077e-10
CHRNA5	0.116226561840219	0.0171760235349394	0.15139363439864	0.00188126510922728	0.171912427962995	0.0260510739381088
MT1E	0.210994179960842	1.29829680235449e-05	0.218547788891793	6.17499486117536e-06	0.000523756776337601	0.000179506192526888
FAM153A	0.0439040669742463	0.369443153079591	0.147978545517117	0.00236283936988525	0.784906431259576	0.0316660523689537
CHRNB1	0.0555786267290334	0.255744466011977	0.196773126110415	4.8989512609462e-05	0.700197885303567	0.00112278282957396
ADORA2B	0.171227737248598	0.00042391265200914	0.273454088101698	1.22384467326321e-08	0.0101572040588978	6.16365594362559e-07
MGMT	0.252593179620868	1.55009090008207e-07	0.318806957927361	2.89202651759261e-11	9.65084153303064e-06	1.95446612603459e-09
DYDC1	0.0625383241015822	0.200866458284627	0.146230010237344	0.0026640653981751	0.643598884719514	0.0349336117137317
PYGO1	-0.146835087291482	0.00255608149939599	-0.179014844254689	0.000226370853386561	0.0441367207091889	0.00443048103397906
FPR1	0.20975284662483	1.46323837595386e-05	0.229613546562055	2.11506329984981e-06	0.000575613225804336	6.85401865242313e-05
TRMT61B	0.240140137054382	6.36517154761762e-07	0.250710779361659	1.92843529980296e-07	3.42831991707238e-05	8.19792361050646e-06
KCNMB3	0.1256407913976	0.00995417899643369	0.142111344621308	0.00351649527934288	0.117633864384557	0.0430416844795111
ATP6V0E2	0.157900434042114	0.00116733990965567	0.184885526391188	0.000138610211337446	0.0236670683734549	0.00288418668696102
MORN4	0.26146950663343	5.40521836178698e-08	0.251269879197947	1.80764509355411e-07	3.65291124672219e-06	7.89384642700127e-06
UGT2B7	0.0841946617806026	0.0848169670823982	0.13958246753781	0.00415553430643751	0.437726741792582	0.049145769468607
GAA	0.20516150795439	2.26339470708048e-05	0.198702778522392	4.25937291122154e-05	0.000864573041008954	0.000987649900558028
ZNF584	0.194876913180699	5.80755823007539e-05	0.204049748943332	2.51190510266534e-05	0.00198789449892667	0.000620676051461714
ANO5	0.138013073371621	0.00460314461620115	0.233890415138923	1.2570582063217e-06	0.0685443775523587	4.45720145174247e-05
SPATA5L1	0.225205039192504	3.13773291038544e-06	0.236385670021537	9.6014102235338e-07	0.000146805053978803	3.56424181396628e-05
KLF17	0.0605875863783315	0.215303248796027	0.251084226995473	1.84692245983968e-07	0.65780633239188	7.89384642700127e-06
CYP4F11	0.330518058846798	3.66107144600392e-12	0.416137919679984	5.09280370640025e-19	4.52313936305515e-10	7.06470156254504e-17
MACROD2	0.0856292429230392	0.079624673554489	0.14346841940309	0.00323673338580024	0.423113100668914	0.0403672726837894
CLEC12A	0.193160226146552	6.7652418995312e-05	0.379531687757747	7.73074111476929e-16	0.00226664269913531	8.48985694367788e-14
C2orf54	0.0667544929223298	0.172093966512764	0.185889215767545	0.000127266528998145	0.608019210552467	0.0027050979698611
AGXT	-0.0347947168040115	0.47697908592754	0.229228479937259	2.06311237211618e-06	0.83831970875533	6.76432690440693e-05
CTSW	0.221413873444269	4.62552826041573e-06	0.234932017612579	1.12373754327327e-06	0.000206633061893261	4.09465103901464e-05
FAM21C	0.155885374242155	0.00135160369016551	0.155659996495035	0.0013737960215595	0.0265006500334078	0.0201159354490204
ZNF738	0.143540958744176	0.00319600405918408	0.218044123052496	6.49403405726126e-06	0.0521047507133371	0.000186721190148236
FUT10	0.239408196481728	6.89994629654578e-07	0.264606203225987	3.69004213154767e-08	3.68634293018834e-05	1.76831291722106e-06
LRRC20	0.179679046494848	0.000214313350812345	0.169349976548281	0.000491206866363865	0.00590444482534221	0.00842510345409779
CBWD1	0.262952691048795	4.51535240308942e-08	0.312636692951774	7.15176305626495e-11	3.10459925662853e-06	4.6351631545809e-09
SNX32	0.206677782220873	1.96182591256644e-05	0.240060108738437	6.4216448705519e-07	0.000753017353915672	2.50127812765783e-05
LCLAT1	0.0908300448613753	0.0629194655117415	0.164920091085662	0.00069120248491818	0.376611819683074	0.0112224600580042
C10orf129	-0.0130965361197259	0.78899899665268	0.212325309319156	1.14112394679112e-05	0.94711022719489	0.000311133346457841
IQCB1	0.158874403781279	0.00108683483594518	0.208348612590335	1.67379161488969e-05	0.0222632203311362	0.000436787798644647
CTSF	0.113720137293115	0.0197433120599255	0.172179943503806	0.000393165199984562	0.188311662795936	0.00711386095258108
FAM53A	0.107549671713544	0.0275285895272246	0.152851549148508	0.00167987654489403	0.229803060041451	0.0239018655894953
AGAP8	0.248188064459413	2.57707847506339e-07	0.230576137052931	1.91294869929481e-06	1.54370905320653e-05	6.32873864657912e-05
SNX31	0.0425021453019838	0.384939293279167	0.368258445455042	6.17255978242379e-15	0.791879906378432	6.02548520983023e-13
REP15	0.173674492647115	0.000349063078415313	0.206261688493884	2.04055009981844e-05	0.00873430937034771	0.000513841708256828
ZNF80	0.078223177384434	0.109426978512155	0.151334132955812	0.00187014710982359	0.495555051028415	0.0259881427018895
ZNF266	0.32641169867615	6.97086832701643e-12	0.320038095454056	2.40783172141233e-11	8.35131149419984e-10	1.6412694328627e-09
PCP2	0.123900230635319	0.0110399687252656	0.203332031628244	2.68584337370994e-05	0.126146001026987	0.000653445032489986
CEP135	0.185509530635929	0.000131451132288074	0.171746918817844	0.000406881032187562	0.00396145469453183	0.00727019996182852
DHX36	0.111144009115213	0.0227237127652	0.139644913582461	0.00413856701057958	0.206576946959274	0.0490609435572005
FBXW8	-0.183388499484654	0.000157305201991278	-0.157115594014061	0.00123616870980221	0.00461962234486739	0.0184422377139738
FAM182B	0.463160577873099	0	0.540739017854737	2.89374914445031e-33	0	7.88995671902366e-31
KCNE3	0.107844632845957	0.027103807635634	0.139409212439002	0.00420293945782179	0.227746872449477	0.0495270376944812
PAAF1	0.0603596170306169	0.217037794597768	0.166433253592554	0.000615668621414775	0.659306300775314	0.0101842924467084
RPS6KB2	0.210089666431255	1.41661551045225e-05	0.191480353387167	8.08112742824928e-05	0.000560058942057295	0.00177987394359797
TCP11L1	0.125873319994093	0.00981654542356347	0.176065898997388	0.000287970751019923	0.117058880263586	0.00546039503192933
ZNF404	0.174589623676228	0.000324382195900919	0.239728743743425	6.6606407168917e-07	0.00835469062862724	2.57739587149092e-05
CDC26	0.209481532110863	1.50185041127848e-05	0.190251969358427	8.99066023816188e-05	0.000584207773972391	0.00195837880173956
RNPEP	0.129204979404423	0.00802197048560327	0.174357969311455	0.000336977097672751	0.102327640396658	0.00621090422214089
ZNF575	0.279840813958944	5.38162403529441e-09	0.232215718607579	1.50372242727269e-06	4.13131080068669e-07	5.12497122088154e-05
LRRC37A	0.271270547376551	1.61296149769896e-08	0.322129797713568	1.35039200777668e-11	1.18089690391719e-06	9.61941405900021e-10
PFN4	0.22289051450656	3.97981293653871e-06	0.21048031976826	1.36430921276156e-05	0.000179819319366923	0.000364904060235396
ANKLE2	0.130983933253897	0.00718897059237356	0.140923997970968	0.00380452582783077	0.0945810157635569	0.0459975316829632
FUT2	0.259288793437018	7.02754436865405e-08	0.255696939723586	1.07722472974895e-07	4.59229696883864e-06	4.92347742088147e-06
SHMT1	0.11445331139234	0.0189598512028419	0.140666447833386	0.00386975537948917	0.182939551677057	0.0464311923909269
TMEM80	0.331404016427917	3.18212123318062e-12	0.323767951389423	1.3746969793744e-11	3.9938146969459e-10	9.70511519277983e-10
WDR73	0.169152662583703	0.000498826878393643	0.15753640634098	0.00119881332768868	0.0116348794320311	0.0179526836780955
FBXO39	0.0246313611844949	0.614707922738574	0.238108843840948	7.95727965412792e-07	0.899388645619057	3.02491395313411e-05
RBM44	0.316893659930501	2.98894242689585e-11	0.222152008629568	4.29117036309542e-06	3.19372537425209e-09	0.000131004957764461
CD151	0.172869804199651	0.000372200356176355	0.169756626410509	0.00047584251647307	0.00919683817589513	0.00821503663264752
KDELC2	0.187751508758903	0.000108492260292969	0.194821308316811	5.83646320964112e-05	0.00340366035879098	0.00132231846987485
SH2D4B	0.166686586012141	0.000603797202045842	0.221482898988402	4.59323698806886e-06	0.0135247152310948	0.000138621087269697
WDR6	0.247260795495806	2.86465033916272e-07	0.222205955285092	4.26766070217091e-06	1.70306693471877e-05	0.000130792221597153
ZFAND2A	0.321517148918421	1.48312473413625e-11	0.436086696312661	0	1.69957496707469e-09	0
P4HTM	0.118047745948546	0.01549842527064	0.167697107962886	0.000558524038491168	0.160111156144662	0.00939627568585036
LGALS7B	0.027496199504485	0.574162852763713	0.171830125865811	0.000404211408845212	0.883671837287505	0.00726386274940703
KLHDC7A	0.0936031961340031	0.0552648992516802	0.143280982860181	0.00325223520880529	0.348474379992145	0.0404967303874385
HTR1F	0.0124493615470951	0.79919777258713	0.158481621653934	0.00111866454883432	0.949287031912634	0.0171001917371307
C1orf101	0.115495186135903	0.0178931655239458	0.187544397625529	0.000110443602277799	0.176851574747299	0.00236660586235922
KIAA1875	0.133346011642742	0.00620271931691807	0.164037379708072	0.000739140169513827	0.0839809959569712	0.0119273088170323
LYNX1	0.240128105412796	6.37363131161806e-07	0.371753235512607	3.26978125706873e-15	3.42831991707238e-05	3.3146359486721e-13
FAHD1	0.179965418320719	0.0002093024342118	0.198738250054867	4.24575774201796e-05	0.00578655366193253	0.000987649900558028
GLIPR1L2	0.302949714661756	2.30201191442347e-10	0.399574883715891	1.56785057577203e-17	2.09218485141913e-08	2.10118550892025e-15
CHST13	0.311411123462704	6.75575151376506e-11	0.430070801369496	2.45134387567858e-20	6.8484265665821e-09	3.657127551885e-18
ZNF443	0.188560512324575	0.000101176329518005	0.146570181238712	0.0026028568933431	0.00318725592629029	0.0344029417918676
CAPS2	0.0937580093274724	0.0548614321679199	0.14374312131669	0.00317779320568722	0.347641460478423	0.0399472350991555
ZFP82	0.131933186600755	0.00677690449528967	0.143646291644108	0.00317347362688973	0.0906683313777588	0.0399472350991555
SLC25A41	0.223018714032051	3.92800974235996e-06	0.313041066596063	5.31057952520097e-11	0.000178498695591036	3.49922935881367e-09
HEPHL1	0.0739715508637527	0.130147160067979	0.193662026023896	6.47091558574118e-05	0.537375245251965	0.00144535394170778
CCDC108	-0.038946502371448	0.425980244548204	0.14421179732056	0.00305496083816753	0.814171088625247	0.0387108579285107
AMIGO1	0.155142096137441	0.00142606683698232	0.201688665357371	3.12806872632466e-05	0.0276370354902432	0.000747239861602691
PNMAL1	0.319642062357626	1.97348803965269e-11	0.421391434095874	1.64945131692233e-19	2.19779858162449e-09	2.4152243635009e-17
PTCHD3	0.0651079858666224	0.182941237479846	0.143485135431702	0.00320800331746326	0.620556141035238	0.0400721678217726
WRB	0.0431967578003429	0.377212504142419	0.140383594532692	0.00394255845584437	0.78863544956481	0.0470193208301077
MXRA7	0.462972317394547	0	0.438497950668655	0	0	0
C2orf82	-0.0373759382105436	0.444889328832028	0.227940140910608	2.36152709726813e-06	0.823633791401275	7.52927207987868e-05
C11orf54	0.267034966891334	2.73642255521622e-08	0.276569685061953	8.21878489806913e-09	1.93186545929417e-06	4.1926407863892e-07
CEP63	0.137779040187618	0.0046734990444619	0.154010685053927	0.00154667155182484	0.0692010429673413	0.0222742288241162
LYSMD4	0.0602034441559117	0.218231831163241	0.166541598470351	0.000620297340901749	0.659869632507742	0.0102394385689147
CSMD1	0.0489883795373317	0.316550161249727	0.23796504610125	8.08342419824707e-07	0.749838863092149	3.05816436055213e-05
OR5P2	0.138936970878588	0.00433464369982683	0.186077858429647	0.000125234280723029	0.0657850820240514	0.00266907670532882
C10orf107	0.200903856403472	3.36279806636419e-05	0.145863977554181	0.00273138900541583	0.00122567130005842	0.0355800541446836
ASCL2	0.144726641225283	0.00295057796184572	0.158360632105948	0.00114285732613051	0.048910314348667	0.0173222795246781
TTC32	0.543204909150963	0	0.387930300379509	1.55922583237174e-16	0	1.82112476956977e-14
ACOT1	0.165916086366844	0.00064057834130482	0.170994490574534	0.000439551970532338	0.0142276768109472	0.00768924210398052
LRRC19	0.173235259486447	0.000361520765812529	0.142000561772189	0.00354250776673015	0.00901749115230178	0.0432930585958814
WDR27	0.149936973283235	0.00206257691611045	0.16475395915851	0.000699998679595438	0.0369190067754316	0.0113187925553397
ZFP1	0.145873314226071	0.00272965265770031	0.151897347175035	0.00179733495254688	0.0463162308249707	0.0251977437407591
GSTT1	0.575866450031043	0	0.638555565163808	1.72771400341653e-49	0	8.53814664063406e-47
CIB1	-0.0725378986835086	0.137779801920159	-0.147704620845078	0.00240787757657523	0.552084290495746	0.0321606216182101
ATP6V0A2	0.212025327738735	1.17487911188707e-05	0.171867317297861	0.000403023435386956	0.000481590946632529	0.00725901208110402
PCGF3	0.149684045049416	0.00209928884707078	0.159550467163322	0.00104748845729835	0.0373609969825294	0.0161767406872228
EP400NL	0.199420005937797	3.85286852262468e-05	0.199676488246593	3.76359280599564e-05	0.00137849010897707	0.000890979889730765
PIGP	0.19097519576699	8.20028588934818e-05	0.237267622994299	9.4050291153443e-07	0.00266829878712247	3.52443437038044e-05
ARL17A	0.27842681589661	6.46695852424273e-09	0.230453696710854	1.81304998917084e-06	4.82398500482899e-07	6.07448570524315e-05
TAS2R60	0.166787266423707	0.000599138436728097	0.174226452142158	0.000333975374017094	0.0134584875545712	0.0061989278928478
C2orf76	0.128017971593985	0.00862466376130522	0.146226279191208	0.00266474394952694	0.107733359179527	0.0349336117137317
WWOX	0.196970036930634	4.81271042582776e-05	0.193563779516081	6.73376752163501e-05	0.00167639212938415	0.0014998281631991
NUDT17	0.182488923115301	0.000169650493192952	0.216636185709563	7.47135598537839e-06	0.00487791436246063	0.00021021037579334
RPS23	0.160663354474809	0.000952151250934952	0.158227161262987	0.00113974119007867	0.0198645381032788	0.0173222795246781
BTN3A2	0.291141230421189	1.19386456276516e-09	0.288207357074071	1.77641464979227e-09	1.0042433082749e-07	1.01783410405126e-07
ZNF396	0.166827692724228	0.000597277196034973	0.203251214608883	2.70612906120786e-05	0.0134549025329018	0.000656360812483758
SMYD4	0.18051522817361	0.000199987766211773	0.191923018676005	7.77517428310173e-05	0.00554843251732102	0.00172691862518217
PRG2	0.127528927728709	0.00888448225108696	0.168999588034962	0.00050481390972471	0.109423054765334	0.00862108765484511
HYAL3	0.166190644015895	0.000627240080518732	0.202460962359277	2.9122871917777e-05	0.0139706684976383	0.000702056549554459
KRT16	0.00996413340538585	0.838665749600942	0.154031233903501	0.0015444001059662	0.958998897098377	0.0222742288241162
RHD	0.434541691146347	0	0.540762921366153	2.87161226861357e-33	0	7.88995671902366e-31
HEATR4	0.196367168463523	5.08137612613702e-05	0.259587930896322	6.77997840128927e-08	0.00175451707551814	3.15348760111731e-06
IFT140	0.144547357003252	0.00298655343489163	0.185235456921721	0.000134551679159586	0.0492999540912069	0.00281455060083294
C17orf97	0.249654647954729	2.17815002034882e-07	0.253016011590607	1.62920678918341e-07	1.33508776828668e-05	7.15674337892959e-06
HAPLN4	0.0782937338424675	0.109106448626102	0.156954509354592	0.00125074943907698	0.495522509641923	0.0185896161931987
ZSCAN23	0.370208557244345	4.44089209850063e-15	0.376451547190642	1.37479436862999e-15	6.7527180428547e-13	1.44939987636765e-13
OR7D2	0.522151542041202	0	0.389370301254868	1.17943353283966e-16	0	1.41299711275199e-14
C1orf204	0.220963962477176	4.84137366418835e-06	0.243888142159656	4.19409583200326e-07	0.000215060345858075	1.68338658597207e-05
TREML4	0.466045238999181	0	0.458374824575512	3.29442189892089e-23	0	5.78866532328166e-21
OR2AG2	0.156157453866607	0.00132525193412825	0.144629805317166	0.00296995998408191	0.0261969176078801	0.0378155774462732
ZP3	0.245752137735456	3.39962721973563e-07	0.328419419287281	6.75433215483983e-12	1.97653326665071e-05	5.03834946682251e-10
NCCRP1	0.0238634206392394	0.625786064238927	0.184114187939618	0.000147965554083177	0.903730507098673	0.00304678030243667
C22orf34	-0.47066756060794	1.52970843616431e-24	-0.559202297720885	6.36668114645527e-36	2.87985823922648e-22	2.01365391300087e-33
FBLL1	0.32267811141985	1.24147359059634e-11	0.387907344623043	1.56616269546914e-16	1.4435781883596e-09	1.82112476956977e-14
FAM154B	0.229871415585002	1.9280399885524e-06	0.206713728616825	1.95516188002752e-05	9.41050135153322e-05	0.000495495672608255
RHCE	0.174098847092063	0.000337408395549632	0.21796161539871	6.54777257830304e-06	0.00852165064481045	0.000187584194842906
UROS	0.291793932888555	1.09216768962028e-09	0.282049715749203	4.03059860692574e-09	9.28577410949202e-08	2.19792711620426e-07
S100A13	-0.0703145405974171	0.150290648290874	-0.144068447016699	0.00308461597617843	0.574693764741586	0.0389617548301004
C22orf43	0.198138971463386	4.32956152933706e-05	0.257515126931354	8.68469485515703e-08	0.00152829656305661	4.01578258594893e-06
GJB5	0.151227728793006	0.00188420254463884	0.324745616008025	9.02734154897465e-12	0.0347569098763215	6.54854950713234e-10
RRP7A	0.228054420541637	2.33347169786846e-06	0.239527037137757	6.81027809121142e-07	0.0001118227922124	2.60139463126612e-05
TMEM194B	0.090591764283166	0.0636160581006058	0.147571382959387	0.00243006614076708	0.378774225452929	0.032402247849992
ALG1L	0.150675518626098	0.00195871182543517	0.251096189010452	1.8443671433163e-07	0.0355218678984309	7.89384642700127e-06
WDSUB1	0.177443824982734	0.000257461388626146	0.180997774736216	0.000192133821818811	0.00683136644250649	0.00386565427257338
KIF19	0.0881605655725596	0.0710926746334428	0.169439205074481	0.000487796612647673	0.401807466328656	0.00838479960044599
HRCT1	0.0788483286055935	0.106612683797139	0.156058895063206	0.00133474260684744	0.488687820744334	0.0196899436424305
XPNPEP3	0.118582511949004	0.015033929891316	0.207564231562032	1.8036149726123e-05	0.157448057815412	0.000464533667376074
ZNF781	0.187654177815539	0.000109405212644464	0.207310136370743	1.84768137633162e-05	0.00340577565503851	0.000472803127593985
ZNF774	0.109602128465926	0.0246878715692334	0.14048365037438	0.00391666479982835	0.216176080285635	0.0468442280336883
NBPF4	0.0894245800406	0.0671205067202858	0.206732396575396	1.95170954340213e-05	0.388522581725695	0.000495495672608255
SULT1A1	0.145566590894844	0.00278722300487955	0.171345053732053	0.000420007097080267	0.0471648689197609	0.00744062789030134
POTEF	0.102994957820018	0.0348504037942918	0.194617683893023	5.94347595438085e-05	0.264963598847563	0.00134257139069968
ZNF502	0.309037243055708	9.56692502995793e-11	0.309659819003181	8.7352637996856e-11	9.22508246486309e-09	5.57013958581565e-09
TRAPPC4	0.312124627861379	6.08126882184479e-11	0.295236394157722	6.80344263482877e-10	6.2447522823801e-09	4.01453887414859e-08
ZNF100	0.246922557431163	2.97704206619898e-07	0.26212879405698	5.59963809271941e-08	1.75667698637577e-05	2.61990168042203e-06
ZNF257	0.29455093191908	7.47961248492857e-10	0.308170033357818	1.35943122553516e-10	6.42840173025328e-08	8.46379740181614e-09
ADAM32	0.0524644488865605	0.283389683662943	0.184644639118076	0.000141470516689718	0.726801227959073	0.00293597736342678
PIWIL2	0.112206910578472	0.0214498254795989	0.340830750092888	6.95874154689321e-13	0.199065457825339	5.73153848034215e-11
MRPL21	0.169832562551825	0.000473023405219708	0.276617886721593	8.16799199973267e-09	0.0110985046441313	4.1926407863892e-07
ZNF98	0.144592421709414	0.00297747335112297	0.147451278170703	0.00245022723286707	0.0492528907684714	0.0326160719364982
ZNF786	0.130088288043382	0.00759816339181874	0.159615741261896	0.00104247531457587	0.0982824457969882	0.0161308264429577
PIGN	0.137658136221837	0.00471022358541795	0.190475782976149	8.56631799501709e-05	0.069355191601303	0.00187110155764089
RPS26	0.332044089172825	2.87458945535946e-12	0.372288414440188	2.96459289573645e-15	3.66602884250439e-10	3.04429039306339e-13
C14orf178	0.178417907964426	0.000237745750236495	0.188304234984069	0.000103442106386572	0.00639406682693867	0.00223474517813832
LHFPL5	0.169990779346582	0.00046719944319662	0.230836995104676	1.7409712406047e-06	0.0109944821349871	5.88284598267579e-05
EME2	0.222290947089082	4.23087104284292e-06	0.16823127439174	0.000544835560498339	0.000190076689407721	0.00922487104252755
HRNR	0.136308676819124	0.00513814656723577	0.275268688823228	9.71131920925317e-09	0.0736002262810384	4.92226929407467e-07
C2orf27A	0.0918684811083105	0.0599566602757893	0.211036117878553	1.29304546889122e-05	0.364955591070566	0.000347758861310303
LEKR1	0.27002194387092	1.88672388823363e-08	0.29661983734193	5.61492025887291e-10	1.35621143493303e-06	3.33813342006828e-08
ADH4	0.174061890265408	0.000338408789992473	0.212612851026472	1.1096359569008e-05	0.00852165064481045	0.000303594861979745
HIBCH	0.148855365585883	0.00222379245611259	0.191324546876057	7.95304872481351e-05	0.0389878646352157	0.0017565574376285
SVIP	0.146052308992553	0.00269655856365292	0.167024068609753	0.000588312034840568	0.0458530936834486	0.00981388873308939
ZNF607	0.153173719351383	0.00164183583505539	0.223418990379123	3.77037717739096e-06	0.0312067210283245	0.000117371544652088
ZNF334	0.290389581444317	1.32239330596917e-09	0.339882717184176	1.10440030966049e-12	1.0891837364894e-07	8.82070025099545e-11
SULT1C2	0.126633573676404	0.00937827030717298	0.299805156160144	3.59462925932297e-10	0.113476506268631	2.16967431705853e-08
CNGA1	0.0954445515931691	0.0506224945016969	0.222528374172824	4.12969565257496e-06	0.333560053354098	0.000127056433949067
ZNF534	0.258967782637934	7.30291318529197e-08	0.203514563402263	2.64055543698404e-05	4.73312578328718e-06	0.000644409624698543
OXCT2	0.0443921864949205	0.364139711128318	0.157032308996628	0.00124368768891729	0.780708431640892	0.0185194699741412
SCAMP5	0.173939627814996	0.000341738085392951	0.182025888784649	0.000176353437205855	0.00857816838476845	0.00357545289227358
PNP	0.192485184887379	7.18113115145691e-05	0.228960481635383	2.26366512262709e-06	0.00237578259475187	7.27593501000503e-05
TYW1	0.189166782978515	9.60006664654234e-05	0.1766015401138	0.000275730478986729	0.00306079544250848	0.00525349613818812
TGM2	0.124337545295603	0.0107577336483746	0.151981335142618	0.00178670224822498	0.123635755752468	0.0251378197094571
EFCAB2	0.393526433601313	0	0.411923617966736	0	0	0
METTL10	0.259830876746999	6.58513155116225e-08	0.321869564435012	1.40529520737576e-11	4.37551556092772e-06	9.83333557939832e-10
C6orf164	0.198643349038155	4.13557850658108e-05	0.198601562239433	4.15133211727124e-05	0.00147297384015931	0.000971141510392417
LCN8	0.134235228001086	0.00586410141817284	0.233165013023186	1.35872511025253e-06	0.0811181419711772	4.73279270782678e-05
NEU4	0.0143518501447834	0.769320418573973	0.149407848527192	0.00214005944834415	0.942470705899309	0.0291749138932021
GIGYF2	0.133436002263297	0.00616766992305395	0.145105955135043	0.00287575960586643	0.0837934125113189	0.0370109503938705
ASAH2B	0.215855474136981	8.07212510745003e-06	0.148621014618655	0.00226020527917827	0.000339501559705359	0.0304973432465231
AGAP6	0.185061770790842	0.000136551959673437	0.158730312987823	0.00109841324657656	0.00408983464067372	0.0168316929082963
AGAP7	0.144842484399468	0.00292754269316298	0.201010857690317	3.45437753560351e-05	0.0486304203252934	0.000820233128348857
ZNF814	0.128020186876201	0.00862350239154441	0.171326125316509	0.000420634964836816	0.107733359179527	0.00744062789030134
MICA	0.246269124188521	3.20630026529045e-07	0.247055236827024	2.9324579035814e-07	1.87794194056679e-05	1.21397615935174e-05
POU5F1	0.134006433294267	0.00594960294192104	0.20882249536499	1.59971240808286e-05	0.081463011812108	0.000420230100023627
PSORS1C2	0.0573134659602968	0.241181169163209	0.352588358012962	9.70883857786367e-14	0.685747698911409	8.25460071345893e-12
PSORS1C1	0.494678984005119	0	0.625326208183841	5.93615535435558e-47	0	2.47037791509945e-44
FOXB2	0.298508986266879	4.31277236145888e-10	0.289315199616342	1.52970096175742e-09	3.78901011800615e-08	8.82871934643499e-08
ZFP57	0.419903399717657	0	0.731434451898719	1.67648921975638e-71	0	1.01969232773952e-68
PCDHA4	0.0881512739603328	0.0711225694322182	0.146106661195401	0.00268658201133312	0.401807466328656	0.0350541319531534
LGALS7	0.04661028813801	0.340641856845871	0.194075005537229	6.23778847891555e-05	0.766317512160295	0.0014011986790564
CCDC144NL	0.0397133286735985	0.416920323904083	0.216784506194369	7.36214459327659e-06	0.808383766824322	0.000207901704639421
KRT6A	0.055865580195576	0.253294481808775	0.165663117351631	0.000653100019641048	0.698843051091249	0.0106978201177333
ATP6AP1L	0.254229675400974	1.28021059309091e-07	0.217667601452699	6.74273586201529e-06	8.09810012765588e-06	0.000192472247151462
LIN52	0.30144889622388	2.84952728080157e-10	0.278210094636359	6.6510322638737e-09	2.56036502378386e-08	3.48276239142049e-07
LYRM5	-0.241907021573862	5.23324451049062e-07	-0.280026549968043	5.252903738754e-09	2.8735600239201e-05	2.82549046682503e-07
KLRC2	0.0695294364851118	0.154908824212427	0.145090974291165	0.00287868148377771	0.581368602474329	0.0370109503938705
C1QTNF9B	0.0485621805172253	0.32078385574843	0.141967188845166	0.00355037805187183	0.752504134190842	0.0433222828027015
HCG27	0.233832931819595	1.26484095130941e-06	0.207383470474714	1.83485961753995e-05	6.45232090451839e-05	0.000471046590775598
FAM106A	0.373076755345063	2.66453525910038e-15	0.462631276000733	1.15412451064758e-23	4.13107456739346e-13	2.12224709434661e-21
ARHGEF35	0.378336791563717	8.88178419700125e-16	0.377912061269193	1.0471714041899e-15	1.49421846054657e-13	1.11891679634183e-13
DNLZ	0.248955257725983	2.36035085254827e-07	0.170323122984986	0.000463230446901842	1.43563801469993e-05	0.00803237531502822
NOTCH2NL	0.261568721695441	5.34075215163909e-08	0.160155797806355	0.000988707290073352	3.64045924681123e-06	0.0153288402796274
GBP7	0.0907065127294655	0.0632798125817102	0.185166237242333	0.000135345537725085	0.377625266478176	0.00282368645591621
ATF6B	0.137187596867412	0.00485564039537767	0.171020997738513	0.000430877518748984	0.0705763761144324	0.00757099675721826
PPM1N	0.0761785054070601	0.119041878678783	0.162111388795992	0.00085460333957452	0.515237789760482	0.0134877217684945
CPNE1	0.349640923919652	1.60316204755873e-13	0.419179523951891	2.65786824897398e-19	2.26360755536551e-11	3.75281504368522e-17
ARL16	0.236158521570913	9.84104772339123e-07	0.294892018338296	8.61638943437172e-10	5.11928712821411e-05	5.04665120426498e-08
AS3MT	0.160537581919176	0.000961091715484752	0.158181368344581	0.00114357277246516	0.0199982952482577	0.0173222795246781
UBXN2B	0.188669423267195	0.000100227639902251	0.147854099744652	0.00238320439112983	0.00316999979482838	0.0318849359063681
AP4M1	0.133992280048128	0.00595492864896907	0.203003284297649	2.76927106834153e-05	0.081463011812108	0.00066962160053139
OR3A2	0.163980726634634	0.00074231954735593	0.33601285984732	1.52318669186197e-12	0.0159932443077475	1.20438371725526e-10
ZNF880	0.377040977301423	1.33226762955019e-15	0.398850738312166	1.81342365829084e-17	2.19463336392778e-13	2.38979014435095e-15
XKR9	0.341463880256914	6.27053964308288e-13	0.638397568755622	1.85563935991978e-49	8.4035859250604e-11	8.63090612875627e-47
USP17L2	0.137959061227419	0.00461929623023138	0.15157442580893	0.00183875807905989	0.0686555926549616	0.0256420813600116
EXOSC6	0.174356038369851	0.000330522402123279	0.206806996007469	1.93797124648473e-05	0.00843707552216326	0.000494307698256604
CDRT15	0.181832055982136	0.000179232405338903	0.219300495893782	5.72591758052109e-06	0.00506139510362394	0.000169515885616435
DHFR	0.346234009263127	2.8421709430404e-13	0.367906685574019	7.87924456164053e-15	3.87466304252077e-11	7.50616707817972e-13
ZNF492	0.149805103801155	0.00208164358956164	0.224620360782243	3.33273548100018e-06	0.0371547536403249	0.000104571188286779
RPS18	0.21201985739624	1.17550338560868e-05	0.224140692310106	3.50131017532016e-06	0.000481590946632529	0.000109426322356745
RPS28	0.590826034307049	0	0.634874995242117	0	0	0
CCDC163P	0.628123453093367	0	0.623044104101209	1.58022413603023e-46	0	6.24741612179551e-44
LRRC37A2	0.540797944871428	0	0.449973233301725	2.50253236640075e-22	0	4.21011136619803e-20
OR2W3	0.126681170533614	0.00935141913286053	0.177861809882593	0.000248821209625613	0.113407470987006	0.00478693261437888
APOBEC3G	0.12653126388135	0.00943621920090365	0.148977935270408	0.00220496199538656	0.113911733162664	0.0299050334434331
PPIL3	0.529218079102099	0	0.471323648090904	1.29397902839496e-24	0	2.49548589695584e-22
L1TD1	0.424434863766469	0	0.588103022756097	1.96863615947339e-40	0	7.07545732407095e-38
TDGF1	0.416251664197684	0	0.353846857875748	7.82482561150052e-14	0	6.79899957254227e-12
PLEKHO2	0.142872244877882	0.00334246063312493	0.153293733068926	0.00162786813842856	0.0534996684739248	0.0232758650462109
C8orf58	0.164502065443009	0.00071353361097426	0.170281292179099	0.000456678870478019	0.0154997534669601	0.0079536560107262
AMACR	0.245591590861667	3.46191167954757e-07	0.364852408460365	1.42866971785364e-14	1.99805369709362e-05	1.31354551849637e-12
TCP10L	0.192604784536926	7.1057320403467e-05	0.154331249457655	0.00151158347659163	0.00237067608620343	0.0219707546864155
ARFGAP3	0.18184256005546	0.000179075268269768	0.178450053880181	0.000237119826809431	0.00506139510362394	0.00459535899652492
BGLAP	-0.0712128895176113	0.145135517293605	-0.176207024173282	0.000290579034148886	0.564757153169555	0.00549667086845752
GTF2A1L	0.256595551456746	9.68632676290326e-08	0.309993353886649	8.31913178254512e-11	6.17659562211904e-06	5.34791666703937e-09
DECR2	0.243645842680343	4.30963288611252e-07	0.272900316085368	1.50499793891662e-08	2.45153001658214e-05	7.34569055741587e-07
PSG4	0.134196695085347	0.00587842359295365	0.571239850785351	9.54236937970773e-38	0.0811181419711772	3.14381311188954e-35
UPK3B	0.138177132742348	0.0045543968466133	0.234858330704258	1.13270511819269e-06	0.0683332369377065	4.10839420621541e-05
CCDC13	0.0941678706310295	0.0538050726341437	0.165766645604775	0.000647948320834892	0.344709988033119	0.0106514082595457
PCDHA10	0.0066795084647107	0.89143966521646	0.150730763104443	0.00195113820794209	0.975139582163302	0.0268306953220837
SIGLEC14	0.215237611045711	8.57991429370486e-06	0.251207695040662	1.82071055917309e-07	0.000357059906949075	7.89384642700127e-06
SIGLEC12	0.37394828045622	2.22044604925031e-15	0.67414661895919	5.69627755991726e-57	3.58307487988209e-13	3.21717619044756e-54
ARMS2	0.147358059156016	0.00246598020790012	0.170148077617529	0.000461475428717054	0.0428538582502555	0.00801953014256207
TAS2R43	0.360423546630286	2.48689957516035e-14	0.50424965725886	1.8001147077867e-28	3.64146572977646e-12	4.06671628413413e-26
TAS2R20	0.230048479330807	1.89235424619127e-06	0.245338388324067	3.56237810080746e-07	9.29369256188473e-05	1.45194451768477e-05
HMBS	0.140574367157795	0.0038933211479053	0.16624724244298	0.000624522683549412	0.0604803346099946	0.0102877101225525
CLEC12B	0.177850970362702	0.000249041809031958	0.250236809180852	2.03688848403982e-07	0.00665261345951247	8.61266162743467e-06
OR9A4	0.175616543034174	0.000298628578949911	0.205864885383488	2.11840919953484e-05	0.00771652344365015	0.000530071567744367
CHURC1	-0.481517298145483	9.16828091399854e-26	-0.439437965988026	2.94206522544484e-21	1.76813651675577e-23	4.74753259950864e-19
HPR	0.00146559810684628	0.976109860906025	0.144684898858303	0.0029589186862345	0.996157298128269	0.03779672060106
ZNF285	0.21242934323271	1.12963457681303e-05	0.223326662849563	4.03358633458108e-06	0.000467645057531971	0.000125072812343265
